

HT6026
Remote Control Encoder

(HT6026 16DIP Package Restricted Products. Notification Date : 2021/10/01 Effective Date : 2022/01/01)

The HT6026 is a CMOS LSI encoder designed for use in remote control system. It is capable of encoding 9 bits of information which consists of N address bits and 9-N data bits. Each address/data input is externally trinary programmable by external switches. The programmable address/data is transmitted along with the header bits via an RF or an infrared transmission medium upon receipt of a trigger signal (TE).

Operating voltage: 4V~18V
Low standby current
Low power and high noise immunity CMOS technology
39 difference codes
Two transmission words minimum
Built-in oscillator needs only 5% resistor
Interface with RF or infrared transmission medium
Minimal external components
16-pin NSOP package

https://www.holtek.com/page/vg/ht6026

The HT6026 is pin compatible with the MC145026. 


204,44,628,208,212,40,116,172,444,320,52,68,80,72,772,64,36,180,764,96,60,60,228,196,116,124,788,1060,776,72,764,160,80,564,2024,44,336,144,248,156,292,180,52,112,124,40,116,188,60,316,524,408,2096,336,2100,2168,272,356,16820,2212,280,352,2120,2212,276,352,2124,2212,276,360,2120,2220,280,2244,280,364,2132,364,2124,2252,280,368,2136,2264,280,372,2140,2264,288,364,2140,2272,276,372,16840,2212,276,372,2140,2268,284,368,2136,2272,280,376,2136,2272,280,2284,284,368,2136,360,2132,2268,280,372,2136,2268,284,368,2144,2264,284,364,2144,2268,280,368,16852,2216,284,372,2136,2268,276,376,2140,2264,284,364,2148,2260,296,2276,284,368,2136,360,2136,2268,280,372,2136,2272,284,368,2140,2272,280,368,2144,2268,284,368,16856,2212,276,376,2132,2268,280,372,2136,2272,280,372,2140,2268,284,2284,284,368,2140,356,2132,2268,284,368,2140,2264,292,364,2144,2268,284,368,2140,2272,284,368,16856,2208,280,368,2144,2256,280,368,2140,2272,280,372,2140,2268,288,2284,288,360,2140,360,2136,2264,280,368,2144,2268,284,368,2144,2268,284,368,2140,2272,284,368,16852,2208,284,368,2136,2260,280,372,2140,2268,284,368,2140,2272,284,2284,288,364,2140,360,2132,2264,284,360,2148,2272,284,364,2144,2268,288,364,2148,2264,288,360,16860,2208,284,368,2136,2256,284,368,2144,2264,284,368,2140,2272,284,2284,288,364,2144,356,2132,2264,288,364,2140,2272,288,364,2144,2268,292,360,2144,2268,288,364,16856,2204,284,368,2136,2256,284,368,2144,2264,284,368,2140,2272,284,2284,292,360,2144,356,2136,2260,284,368,2144,2268,288,364,2144,2268,288,364,2144,2268,288,364,16856,2204,284,368,2136,2256,284,368,2140,2264,288,368,2140,2268,284,2288,288,364,2144,352,2136,2260,288,364,2148,2264,292,360,2148,2268,284,364,2148,2268,288,364,16852,2204,284,368,2136,2252,288,368,2144,2260,288,368,2140,2268,288,2288,288,360,2144,356,2136,2260,288,364,2144,2268,288,364,2144,2272,284,364,2148,2268,288,364,16856,2200,288,364,2140,2252,288,364,2144,2264,288,364,2144,2268,284,2288,292,360,2148,352,2136,2260,288,364,2148,2264,288,364,2144,2268,288,364,2144,2272,288,360,16860,2196,288,364,2136,2256,288,360,2148,2264,288,364,2144,2268,284,2288,292,364,2140,356,2136,2260,284,368,2144,2268,288,364,2144,2272,292,360,2144,2268,292,360,16856,2204,280,368,2136,2256,284,372,2140


16856























